5  	01-01-2005	 	10 	1
6 	01-02-2005 	23 	0
7 	01-03-2005 		14 	0
8 	01-04-2005	 	27 	0
9 	01-05-2005 		21 	0
10 	01-06-2005 		20 	0
11 	01-07-2005 		23 	0
12 	01-08-2005 		33 	0
13 	01-09-2005 	41 	0
14 	01-10-2005 	32 	0
15 	01-11-2005 		35 	0
16 	01-12-2005 	28 	0
18	01-01-2006	 	33 	1
19 	01-02-2006 	27 	1
20 	01-03-2006 		22 	0
21 	01-04-2006 		25 	1
22 	01-05-2006 		32 	1
23 	01-06-2006 		35 	1
24 	01-07-2006 		35 	0
25 	01-08-2006 		51 	0
26 	01-09-2006 	67 	1
27 	01-10-2006 	72 	2
28 	01-11-2006 		52 	2
29 	01-12-2006 	48 	3
31	01-01-2007	 	41 	1
32 	01-02-2007 	40 	1
33 	01-03-2007 		39 	4
34 	01-04-2007 		40 	3
35 	01-05-2007 		38 	3
36 	01-06-2007 		49 	5
37 	01-07-2007 		52 	1
38 	01-08-2007 		66 	4
39 	01-09-2007 	73 	3
40 	01-10-2007 	86 	2
41 	01-11-2007 		72 	5
42 	01-12-2007 	83 	1
44	01-01-2008	 	86 	8
45 	01-02-2008 	124 	7
46 	01-03-2008 		124 	5
47 	01-04-2008 		88 	12
48 	01-05-2008 		61 	10
49 	01-06-2008 		63 	7
50 	01-07-2008 		65 	13
51 	01-08-2008 		153 	3
52 	01-09-2008 	165 	9
53 	01-10-2008 	209 	14
54 	01-11-2008 		192 	9
55 	01-12-2008 	168 	13